[gd_scene load_steps=11 format=3 uid="uid://dd4ek612ssfi8"]

[ext_resource type="Texture2D" uid="uid://olypf2cx6bt1" path="res://addons/kenney_prototype_textures/dark/texture_01.png" id="1_e1bn2"]
[ext_resource type="PackedScene" uid="uid://g1g3fr4uixkk" path="res://player.tscn" id="1_lkmpj"]
[ext_resource type="Script" path="res://addons/linear_stairs/nodes/csg_linear_stairs.gd" id="2_1n0xu"]
[ext_resource type="Material" uid="uid://mhjxhhk4wqkn" path="res://wall_material_3d.tres" id="3_3ic7w"]

[sub_resource type="Gradient" id="Gradient_rfbgh"]
colors = PackedColorArray(0, 0, 0, 1, 0.0493754, 0.0430809, 0.0694072, 1)

[sub_resource type="GradientTexture2D" id="GradientTexture2D_s1sej"]
gradient = SubResource("Gradient_rfbgh")
fill_from = Vector2(1, 0.543956)

[sub_resource type="PhysicalSkyMaterial" id="PhysicalSkyMaterial_466nw"]
night_sky = SubResource("GradientTexture2D_s1sej")

[sub_resource type="Sky" id="Sky_m1jhp"]
sky_material = SubResource("PhysicalSkyMaterial_466nw")

[sub_resource type="Environment" id="Environment_n3vbd"]
background_mode = 2
sky = SubResource("Sky_m1jhp")
tonemap_mode = 3
glow_enabled = true

[sub_resource type="StandardMaterial3D" id="StandardMaterial3D_6gdui"]
albedo_color = Color(0.309804, 0.309804, 0.309804, 1)
albedo_texture = ExtResource("1_e1bn2")
uv1_triplanar = true
uv1_world_triplanar = true

[node name="Node3D" type="Node3D"]

[node name="WorldEnvironment" type="WorldEnvironment" parent="."]
environment = SubResource("Environment_n3vbd")

[node name="Floor" type="CSGBox3D" parent="."]
transform = Transform3D(1, 0, 0, 0, 1, 0, 0, 0, 1, 0, -1, 0)
use_collision = true
size = Vector3(50, 1, 50)
material = SubResource("StandardMaterial3D_6gdui")

[node name="DirectionalLight3D" type="DirectionalLight3D" parent="."]
transform = Transform3D(1, 0, 0, 0, 0.5, 0.866025, 0, -0.866025, 0.5, 0, 0, 0)
shadow_enabled = true

[node name="CharacterBody3D" parent="." instance=ExtResource("1_lkmpj")]
transform = Transform3D(1, 0, 0, 0, 1, 0, 0, 0, 1, 1.20055, 14.9277, -4.26563)
slide_on_ceiling = false
walking_speed = 10.0

[node name="Wall" type="CSGBox3D" parent="."]
transform = Transform3D(0.15771, 0, 0.987486, 0, 1, 0, -0.987486, 0, 0.15771, 1.19242, -0.682968, -21.6925)
material_override = ExtResource("3_3ic7w")
use_collision = true
size = Vector3(1, 0.666938, 11.3501)

[node name="Wall9" type="CSGBox3D" parent="."]
transform = Transform3D(0.15771, 0, 0.987486, 0, 1, 0, -0.987486, 0, 0.15771, 1.19242, -0.550797, -22.3169)
material_override = ExtResource("3_3ic7w")
use_collision = true
size = Vector3(1, 0.666938, 11.3501)

[node name="Wall2" type="CSGBox3D" parent="."]
transform = Transform3D(1, 0, 0, 0, 1, 0, 0, 0, 1, -24, 2.85315, -11)
material_override = ExtResource("3_3ic7w")
use_collision = true
size = Vector3(1, 6.54829, 22.3451)

[node name="Wall7" type="CSGBox3D" parent="."]
transform = Transform3D(0.785166, 0, 0.619286, 0, 1, 0, -0.619286, 0, 0.785166, -16.6402, 2.85315, 13.7166)
material_override = ExtResource("3_3ic7w")
use_collision = true
size = Vector3(2.75773, 6.54829, 29.6338)

[node name="Wall8" type="CSGBox3D" parent="."]
transform = Transform3D(-0.35752, 0, 0.933905, 0, 1, 0, -0.933905, 0, -0.35752, 9.60381, 4.83819, 19.8797)
material_override = ExtResource("3_3ic7w")
use_collision = true
size = Vector3(2.75773, 10.6827, 29.6338)

[node name="Wall3" type="CSGBox3D" parent="."]
transform = Transform3D(0.48154, 0, -0.876424, 0, 1, 0, 0.876424, 0, 0.48154, -15.2048, 2.85315, -22.9496)
material_override = ExtResource("3_3ic7w")
use_collision = true
size = Vector3(1, 6.54829, 16.3942)

[node name="Wall4" type="CSGBox3D" parent="."]
transform = Transform3D(-0.148949, 0, -0.988845, 0, 1, 0, 0.988845, 0, -0.148949, 0.475005, 5.85315, -23.46)
material_override = ExtResource("3_3ic7w")
use_collision = true
size = Vector3(2.67617, 13.6484, 16.3942)

[node name="CSGLinearStairs" type="CSGCombiner3D" parent="Wall4"]
transform = Transform3D(-1, 0, -5.51343e-07, 0, 1, 0, 5.51343e-07, 0, -1, 3.81795, -6.32394, -1.38928)
script = ExtResource("2_1n0xu")
stairs_amount = 25
stair_height = 0.125

[node name="Wall6" type="CSGBox3D" parent="."]
transform = Transform3D(-0.331881, 0, -0.943321, 0, 1, 0, 0.943321, 0, -0.331881, 12.5524, 2.85315, -21.9185)
material_override = ExtResource("3_3ic7w")
use_collision = true
size = Vector3(2.67617, 6.54829, 5.29143)

[node name="Wall11" type="CSGBox3D" parent="."]
transform = Transform3D(-0.279125, -0.960255, 0, 0.960254, -0.279125, 0, 0, 0, 1, 16.2187, 5.42717, -16.5352)
material_override = ExtResource("3_3ic7w")
use_collision = true
size = Vector3(0.157313, 10.8677, 5.29143)

[node name="Wall10" type="CSGBox3D" parent="."]
transform = Transform3D(-0.244326, 0, -0.969693, 0, 1, 0, 0.969693, 0, -0.244326, 6.77837, 0.498666, -18.3778)
material_override = ExtResource("3_3ic7w")
use_collision = true
size = Vector3(2.676, 4.616, 11.276)

[node name="Wall5" type="CSGBox3D" parent="."]
transform = Transform3D(-0.986932, 0, -0.161139, 0, 1, 0, 0.161139, 0, -0.986932, 21.8178, 2.29245, -5.72301)
material_override = ExtResource("3_3ic7w")
use_collision = true
size = Vector3(2.67617, 7.77183, 33.6218)

[node name="Wall12" type="CSGBox3D" parent="."]
transform = Transform3D(-0.998101, 0, -0.0616062, 0, 1, 0, 0.0616062, 0, -0.998101, 23.1685, 3.29245, -5.72301)
material_override = ExtResource("3_3ic7w")
use_collision = true
size = Vector3(2.67617, 7.77183, 33.6218)

[node name="Camera3D" type="Camera3D" parent="."]
transform = Transform3D(1, 0, 0, 0, 1, 0, 0, 0, 1, 0, 0, 16.1417)
